A = [1 2; 3 9]
B = 5 / 2
C = 3 * (2 + 4 + 0)
