a = [1 2 3; 4 5 9; 5 6 7]
b = [6 5 4; 2 5 8; 7 4 3]
a
b


