a = A = [1 2 3 4; 5 6 7 8; 9 10 11 12; 13 14 15 16]
B = [1.2 5.7 4.2 1.4; 6.3 2.5 8.1 3.1; 6.4 2.8 7.1 8.1; 3.2 5.1 7.2 6.2]

C = A + B
D = A - B
E = A * B
F = A / B
G = 1 ./ A
H = C'
